40 71
0123456 0
0134562 0
0145623 0
0156234 0
0162345 2
0416235 0
0462351 0
0423516 0
0435162 2
0643512 0
0635124 0
0651243 0
0612435 2
0361245 0
0312456 0
0324561 2
0632451 0
0624513 0
0645132 0
0651324 2
0265134 0
0251346 0
0213465 0
0234651 2
0523461 0
0534612 0
0546123 2
0254613 0
0246135 0
0261354 0
0213546 2
0421356 0
0413562 0
0435621 4
0521436 0
0514362 0
0543621 0
0536214 2
0153624 2
0215364 0
0253641 0
0236415 2
0123645 0
0136452 0
0164523 2
0216453 0
0264531 0
0245316 0
0253164 2
0625314 0
0653142 0
0631425 0
0614253 2
0561423 0
0514236 0
0542361 2
0654231 0
0642315 0
0623154 0
0631542 2
0463152 0
0431526 0
0415263 0
0452631 2
0345261 0
0352614 0
0326145 2
0432615 0
0426153 0
0461532 0
0415326 0
