123456
512346
123546
412356
451236
541236
124356
512436
124536
312456
351246
531246
125346
412536
125436
312546
341256
431256
345126
354126
435126
453126
534126
543126
132456
513246
132546
413256
451326
541326
134256
513426
134526
213456
251346
521346
135246
413526
135426
213546
241356
421356
245136
254136
425136
452136
524136
542136
142356
514236
142536
314256
351426
531426
143256
514326
143526
214356
251436
521436
145236
314526
145326
214536
231456
321456
235146
253146
325146
352146
523146
532146
152346
415236
152436
315246
341526
431526
153246
415326
153426
215346
241536
421536
154236
315426
154326
215436
231546
321546
234156
243156
324156
342156
423156
432156
234516
235416
243516
245316
253416
254316
324516
325416
342516
345216
352416
354216
423516
425316
432516
435216
452316
453216
523416
524316
532416
534216
542316
543216
